27959609
27938463
27931636
27842678
27782297
27776668
27706452
27683826
27644924
27594064
27581722
27562477
27534085
27526852
27522734
27508273
27500580
27487618
27483705
27479856
27464223
27461339
27440686
27438416
27438415
27438414
27434963
27430081
27412554
27412386
27412313
27397730
27396862
27396859
27388380
27382946
27381307
27373087
27373047
27373046
27363235
27363230
27352488
27348974
27348962
27337840
27335200
27326988
27323443
27319205
27302989
27301259
27276865
27276775
27271425
27269778
27269775
27269765
27266352
27265922
27253630
27250962
27235659
27234862
27231737
27222191
27221555
27220791
27220290
27220289
27214976
27213973
27213971
27213968
27213966
27211355
27198193
27197994
27197440
27191873
27188118
27187303
27187299
27180590
27180589
27178477
27176573
27173949
27172522
27170406
27170117
27166482
27161470
27154891
27154445
27151251
27144853
27129038
27120877
27120218
